opt01
1 00001U 26001001 26001.00031250  .00004313  00000-0  34545-3 0    09
2 00001  97.6917  31.0025 0012338 273.0528  86.9284 15.00626326    05
opt02
1 00002U 26001002 26001.00031250  .00000283  00000-0  12348-3 0    00
2 00002  98.3331 349.0463 0013210 343.3013  16.7734 14.30972756    06
opt03
1 00003U 26001003 26001.00031250  .00000310  00000-0  13516-3 0    01
2 00003  98.6236  28.6173 0012590 266.8969  93.0773 14.30731675    05
opt04
1 00004U 26001004 26001.00031250  .00001236  00000-0  17886-3 0    05
2 00004  98.0290 247.3444 0023771 217.1071 142.8497 14.77765242    01
opt05
1 00005U 26001005 26001.00031250  .00003769  00000-0  39381-3 0    04
2 00005  97.9589 340.6787 0020575 117.2261 243.1056 14.90145249    08
opt06
1 00006U 26001006 26001.00031250  .00002676  00000-0  22623-3 0    03
2 00006  97.8693   4.3538 0012018 141.1350 219.0739 14.98890150    06
opt07
1 00007U 26001007 26001.00031250 -.00000194  00000-0 -14680-3 0    04
2 00007  99.3384   6.2880 0001476  58.2442 301.8854 13.78836097    03
opt08
1 00008U 26001008 26001.00031250  .00000397  00000-0  16736-3 0    03
2 00008  98.7056  19.4456 0021866 277.8986 193.4604 14.31050729    03
opt09
1 00009U 26001009 26001.00031250  .00002497  00000-0  38601-3 0    03
2 00009  98.0809   7.2127 0003259 327.7788  32.3221 14.74171446    07
opt10
1 00010U 26001010 26001.00031250  .00000409  00000-0  13270-3 0    03
2 00010  98.0961 240.1665 0015427  93.6038 266.6918 14.43569961    04
opt11
1 00011U 26001011 26001.00031250 -.00000104  00000-0 -14796-4 0    04
2 00011  63.3807  91.1571 0375453  13.7835 347.3108 13.45418987    05
opt12
1 00012U 26001012 26001.00031250 -.00000055  00000-0  39323-4 0    03
2 00012  63.3798  91.7508 0375382  14.1854 346.9373 13.45428020    06
opt13
1 00013U 26001013 26001.00031250  .00001715  00000-0  23016-3 0    09
2 00013  98.0365  64.7956 0008598  60.9107 299.2965 14.80645004    01
opt14
1 00014U 26001014 26001.00031250  .00000187  00000-0  89333-4 0    08
2 00014  98.7019   2.2886 0020004 306.5208  53.4131 14.30234496    00
opt15
1 00015U 26001015 26001.00031250 -.00000146  00000-0 -63940-4 0    03
2 00015  63.3914  22.6725 0351841   8.1563 352.4980 13.45412188    01
opt16
1 00016U 26001016 26001.00031250 -.00000174  00000-0 -96481-4 0    02
2 00016  63.3898  23.0026 0351805   8.8046 351.8936 13.45324942    09
opt17
1 00017U 26001017 26001.00031250  .00002347  00000-0  29701-3 0    06
2 00017  97.6522  43.7686 0026803 332.6013  27.3786 14.82477501    04
opt18
1 00018U 26001018 26001.00031250  .00001362  00000-0  17467-3 0    00
2 00018  98.0213  28.8772 0001359 150.0345 210.0946 14.82908262    08
opt19
1 00019U 26001019 26001.00031250  .00001975  00000-0  19354-3 0    09
2 00019  75.0001 235.9760 0006416  89.6780 270.5143 14.92822700    09
opt20
1 00020U 26001020 26001.00031250  .00002140  00000-0  31228-3 0    02
2 00020  98.4015  77.7517 0342467 279.0913  77.1683 14.44183849    00
opt21
1 00021U 26001021 26001.00031250  .00001592  00000-0  33761-3 0    08
2 00021  98.5280 353.3934 0022071 106.2958 254.0671 14.60479943    02
opt22
1 00022U 26001022 26001.00031250  .00006758  00000-0  51159-3 0    00
2 00022  34.9990 332.6009 0003393 278.2639  81.7684 15.01662494    00
opt23
1 00023U 26001023 26001.00031250  .00007554  00000-0  54880-3 0    01
2 00023  34.9988 325.8243 0005192 192.2410 167.8173 15.03189176    05
opt24
1 00024U 26001024 26001.00031250  .00000823  00000-0  34594-3 0    05
2 00024  98.9640  14.5558 0009062 282.5650  77.4516 14.28666680    04
opt25
1 00025U 26001025 26001.00031250  .00005396  00000-0  40905-3 0    00
2 00025  34.9928 211.3113 0002796 286.8966  73.1435 15.01663426    02
opt26
1 00026U 26001026 26001.00031250  .00006317  00000-0  47867-3 0    00
2 00026  34.9957  91.3508 0004918 118.3581 241.7623 15.01640472    07
opt27
1 00027U 26001027 26001.00031250  .00000962  00000-0  20876-3 0    03
2 00027  98.4351 328.9266 0000878 198.6416 161.4752 14.60434376    09
opt28
1 00028U 26001028 26001.00031250  .00005838  00000-0  44222-3 0    03
2 00028  34.9947 273.0704 0005524 261.5378  98.4704 15.01667002    09
opt29
1 00029U 26001029 26001.00031250 -.00000061  00000-0  44970-4 0    00
2 00029  45.0065 208.6722 0012698  49.6582 310.5359 14.02000088    09
opt30
1 00030U 26001030 26001.00031250  .00009514  00000-0  89474-3 0    02
2 00030  97.8106  89.6808 0010804 262.1657  97.8336 14.94061297    06
opt31
1 00031U 26001031 26001.00031250  .00001523  00000-0  20329-3 0    00
2 00031  86.3950 190.7690 0011628 221.0520 138.9826 14.78867392    01
opt32
1 00032U 26001032 26001.00031250  .00001912  00000-0  28123-3 0    04
2 00032  97.9050  83.7379 0001264  98.7751 261.3602 14.76561726    09
opt33
1 00033U 26001033 26001.00031250  .00000125  00000-0  33536-3 0    05
2 00033  63.4029 213.8023 0161025 359.9688   0.1302 13.45433006    09
opt34
1 00034U 26001034 26001.00031250  .00000035  00000-0  79954-4 0    02
2 00034  99.5341  13.9787 0046491 164.6692 195.5879 13.77589511    04
opt35
1 00035U 26001035 26001.00031250  .00006489  00000-0  49131-3 0    06
2 00035  34.9968 332.8023 0001336  51.0974 308.9853 15.01672287    04
opt36
1 00036U 26001036 26001.00031250  .00000308  00000-0  51389-3 0    00
2 00036  86.4083 217.6032 0019040 166.3420 193.8244 13.42862254    05
opt37
1 00037U 26001037 26001.00031250  .00001942  00000-0  38084-3 0    04
2 00037  98.2678 134.3635 0001185  91.9231 268.2107 14.63871131    08
opt38
1 00038U 26001038 26001.00031250  .00007343  00000-0  66106-3 0    03
2 00038  49.9930 265.6318 0002351  20.7157 339.3882 14.96447306    01
opt39
1 00039U 26001039 26001.00031250  .00002724  00000-0  36973-3 0    02
2 00039  97.8482 252.5515 0001444  45.4204 314.7126 14.79661717    02
opt40
1 00040U 26001040 26001.00031250  .00004456  00000-0  29436-3 0    06
2 00040  28.9971 343.9992 0004853  41.9904 318.1067 15.05165205    04
opt41
1 00041U 26001041 26001.00031250 -.00002278  00000-0 -14827-2 0    07
2 00041  99.0181  10.9564 0001330  52.2323 307.8963 14.01356801    09
opt42
1 00042U 26001042 26001.00031250  .00000460  00000-0  27261-3 0    05
2 00042  49.9672 137.8208 0013243  37.4993 322.6841 14.23032884    03
opt43
1 00043U 26001043 26001.00031250  .00000506  00000-0  29297-3 0    09
2 00043  49.9726 137.7994 0013556  38.6318 321.5562 14.23033970    01
opt44
1 00044U 26001044 26001.00031250  .00001223  00000-0  27302-3 0    03
2 00044  98.1776 312.4387 0001588 110.6438 249.4932 14.58506886    05
opt45
1 00045U 26001045 26001.00031250  .00004933  00000-0  42664-3 0    04
2 00045  97.3862 337.2849 0004897  58.0937 302.0762 14.97599199    05
opt46
1 00046U 26001046 26001.00031250 -.00000054  00000-0  13223-3 0    06
2 00046  49.9951 237.8554 0001138 359.0035   1.0840 13.41445210    09
opt47
1 00047U 26001047 26001.00031250  .00004126  00000-0  53462-3 0    00
2 00047  49.9987  49.9735 0014974  75.2236 285.0359 14.82551567    02
opt48
1 00048U 26001048 26001.00031250  .00005228  00000-0  67055-3 0    09
2 00048  49.9895  49.2084 0003840  61.2561 298.8763 14.82552439    07
opt49
1 00049U 26001049 26001.00031250  .00000260  00000-0  16871-3 0    02
2 00049  50.0118 313.2613 0011611 190.8811 169.1854 14.27883138    06
opt50
1 00050U 26001050 26001.00031250  .00000178  00000-0  13636-3 0    00
2 00050  50.0087 192.9987 0005228 315.5610  44.4885 14.27840520    06
opt51
1 00051U 26001051 26001.00031250  .00000372  00000-0  34322-3 0    03
2 00051  44.9741 287.1446 0008588 179.9182 180.1653 13.99110505    03
opt52
1 00052U 26001052 26001.00031250  .00000182  00000-0  26226-3 0    08
2 00052  88.9754 297.2962 0014596 138.3169 221.9097 13.50986644    09
opt53
1 00053U 26001053 26001.00031250  .00000203  00000-0  29583-3 0    03
2 00053  88.9778 297.2011 0013989 128.6110 231.6296 13.50982401    00
opt54
1 00054U 26001054 26001.00031250  .00000183  00000-0  26518-3 0    07
2 00054  88.9789 296.7388 0016074 115.8226 244.4585 13.50986418    03
opt55
1 00055U 26001055 26001.00031250  .00005897  00000-0  73804-3 0    06
2 00055  49.9980 139.6791 0002489 311.5803  48.4922 14.83377813    05
opt56
1 00056U 26001056 26001.00031250  .00005997  00000-0  74889-3 0    03
2 00056  49.9956 140.1267 0017470 155.3700 204.8076 14.83367684    03
opt57
1 00057U 26001057 26001.00031250  .00000058  00000-0  12731-3 0    06
2 00057  44.8603 164.6800 0007543   5.5561 354.5352 13.99090739    02
opt58
1 00058U 26001058 26001.00031250  .00000824  00000-0  46908-3 0    02
2 00058  88.9808  76.1288 0003595 288.9985  71.0809 14.08864727    01
opt59
1 00059U 26001059 26001.00031250  .00001594  00000-0  63627-3 0    06
2 00059  88.9812  74.7428 0006101 210.2184 149.8659 14.28078727    08
opt60
1 00060U 26001060 26001.00031250  .00000114  00000-0  15826-3 0    05
2 00060  89.0012  39.3626 0016974 137.5684 222.6783 13.50980342    03
sar01
1 00061U 26001061 26001.00031250  .00000106  00000-0  14471-3 0    03
2 00061  89.0013  39.3173 0015923 134.1322 226.1142 13.50978560    04
sar02
1 00062U 26001062 26001.00031250  .00000108  00000-0  14887-3 0    08
2 00062  89.0008  39.3359 0014730 140.0214 220.2025 13.50981681    09
sar03
1 00063U 26001063 26001.00031250  .00000109  00000-0  21900-3 0    05
2 00063  86.4998  39.8808 0001625  86.9720 273.1600 13.24416574    03
sar04
1 00064U 26001064 26001.00031250  .00000089  00000-0  17392-3 0    04
2 00064  86.4951  39.7040 0001507  94.2073 265.9233 13.24416648    05
sar05
1 00065U 26001065 26001.00031250  .00000059  00000-0  10412-3 0    09
2 00065  86.4951  39.6591 0001460  88.6045 271.5256 13.24417490    04
sar06
1 00066U 26001066 26001.00031250  .00000046  00000-0  72907-4 0    05
2 00066  86.5004  39.8623 0001396  94.4764 265.6529 13.24415416    07
sar07
1 00067U 26001067 26001.00031250  .00007211  00000-0  44959-3 0    03
2 00067  97.6360 170.1410 0007578 241.2357 118.8111 15.09820736    03
sar08
1 00068U 26001068 26001.00031250  .00000204  00000-0  29818-3 0    07
2 00068  88.9829 101.3082 0012927 288.4064  71.5681 13.50986545    02
sar09
1 00069U 26001069 26001.00031250  .00000206  00000-0  30068-3 0    00
2 00069  88.9782 101.1164 0014368 294.6945  65.2710 13.50981443    03
sar10
1 00070U 26001070 26001.00031250  .00000199  00000-0  28899-3 0    04
2 00070  88.9769 101.0912 0012300 286.8529  73.1273 13.50984866    09
sar11
1 00071U 26001071 26001.00031250  .00000180  00000-0  25975-3 0    08
2 00071  88.9765 101.1171 0012150 288.8348  71.1485 13.50978504    03
sar12
1 00072U 26001072 26001.00031250  .00000197  00000-0  28654-3 0    05
2 00072  88.9775 101.1112 0013221 291.5617  68.4125 13.50987643    04
sar13
1 00073U 26001073 26001.00031250  .00000212  00000-0  31043-3 0    01
2 00073  88.9757 101.0216 0014017 290.7922  69.1728 13.50992826    09
sar14
1 00074U 26001074 26001.00031250 -.00000089  00000-0  76337-4 0    02
2 00074  50.0018 117.0561 0000572  59.8917 300.2011 13.29334542    04
sar15
1 00075U 26001075 26001.00031250 -.00000097  00000-0  59243-4 0    00
2 00075  50.0027 116.8647 0000453  71.5365 288.5556 13.29332239    06
sar16
1 00076U 26001076 26001.00031250 -.00000098  00000-0  55889-4 0    05
2 00076  50.0043 116.8657 0000429  71.3982 288.6937 13.29333060    09
sar17
1 00077U 26001077 26001.00031250 -.00000082  00000-0  91676-4 0    04
2 00077  50.0056 116.5856 0000519  72.8673 287.2256 13.29332747    05
sar18
1 00078U 26001078 26001.00031250 -.00000098  00000-0  56165-4 0    07
2 00078  50.0045 116.9566 0000455  70.8587 289.2334 13.29336213    08
sar19
1 00079U 26001079 26001.00031250  .00000238  00000-0  34973-3 0    06
2 00079  88.9778 318.0750 0016990  70.4579 289.8405 13.50982935    07
sar20
1 00080U 26001080 26001.00031250  .00000288  00000-0  42717-3 0    00
2 00080  88.9780 318.1931 0018154  72.8014 287.5123 13.50985800    04
sar21
1 00081U 26001081 26001.00031250  .00000755  00000-0  54013-3 0    03
2 00081  88.9780 316.0263 0016226  28.5437 331.6624 13.96106013    03
sar22
1 00082U 26001082 26001.00031250  .00000271  00000-0  40122-3 0    04
2 00082  88.9779 317.9694 0014896  74.4687 285.8107 13.50982517    05
sar23
1 00083U 26001083 26001.00031250  .00000072  00000-0  16301-3 0    07
2 00083  99.6952  10.2927 0000757  87.3368 272.7857 13.57230088    03
sar24
1 00084U 26001084 26001.00031250  .00000079  00000-0  17284-3 0    07
2 00084  99.6917  10.3069 0000718  87.0948 273.0272 13.57231902    02
sar25
1 00085U 26001085 26001.00031250  .00000069  00000-0  15911-3 0    03
2 00085  99.6925  10.3448 0000749  92.3222 267.8002 13.57231491    06
sar26
1 00086U 26001086 26001.00031250  .00000100  00000-0  19975-3 0    05
2 00086  86.5097   9.6315 0001656  74.5964 285.5353 13.24414979    03
sar27
1 00087U 26001087 26001.00031250  .00000073  00000-0  13612-3 0    08
2 00087  86.5084   9.5673 0001713  71.0905 289.0414 13.24417997    07
sar28
1 00088U 26001088 26001.00031250  .00000393  00000-0  35790-3 0    06
2 00088  44.9810  47.5408 0011030 302.4012  57.5753 13.99078772    04
sar29
1 00089U 26001089 26001.00031250  .00000395  00000-0  35930-3 0    06
2 00089  44.9856  47.8240 0010917 310.4644  49.5236 13.99060113    02
sar30
1 00090U 26001090 26001.00031250  .00000094  00000-0  18557-3 0    02
2 00090  86.4977  70.1767 0001709 113.4991 246.6323 13.24415489    02
sar31
1 00091U 26001091 26001.00031250  .00000068  00000-0  12415-3 0    02
2 00091  86.4995 339.0557 0002001  86.9019 273.2344 13.24413817    00
sar32
1 00092U 26001092 26001.00031250  .00000081  00000-0  15391-3 0    05
2 00092  86.4976 339.0128 0001984  86.0344 274.1017 13.24413925    02
sar33
1 00093U 26001093 26001.00031250 -.00000042  00000-0  17726-3 0    09
2 00093  49.9975 207.0017 0008202 317.6140  42.4098 13.29332293    02
sar34
1 00094U 26001094 26001.00031250 -.00000033  00000-0  19657-3 0    06
2 00094  50.0013 206.6578 0008284 320.3259  39.7006 13.29331060    07
sar35
1 00095U 26001095 26001.00031250 -.00000028  00000-0  20658-3 0    05
2 00095  49.9961 206.4975 0011313 341.0755  18.9695 13.29331399    02
sar36
1 00096U 26001096 26001.00031250  .00004480  00000-0  56423-3 0    01
2 00096  49.9910 230.8579 0021707 140.6371 219.6150 14.83494001    00
sar37
1 00097U 26001097 26001.00031250  .00000053  00000-0  90499-4 0    07
2 00097  86.4949  70.1248 0001667 113.0515 247.0795 13.24419817    00
sar38
1 00098U 26001098 26001.00031250 -.00000082  00000-0  90282-4 0    02
2 00098  50.0055  87.0583 0000265 255.2848 104.7995 13.29336752    08
sar39
1 00099U 26001099 26001.00031250 -.00000086  00000-0  82467-4 0    04
2 00099  50.0114  86.7228 0000252 252.1464 107.9381 13.29336121    07
sar40
1 00100U 26001100 26001.00031250 -.00000079  00000-0  96463-4 0    03
2 00100  50.0043  87.2157 0000279 252.3640 107.7202 13.29337605    03
sar41
1 00101U 26001101 26001.00031250  .00004900  00000-0  61701-3 0    07
2 00101  49.9853  96.6176 0008422  41.4047 318.7528 14.83434658    03
sar42
1 00102U 26001102 26001.00031250  .00003829  00000-0  49436-3 0    09
2 00102  49.9850  96.6470 0010685 340.7605  19.2928 14.82901711    02
sar43
1 00103U 26001103 26001.00031250  .00004976  00000-0  62655-3 0    03
2 00103  49.9798  96.0139 0008923 338.2010  21.8548 14.83410055    08
sar44
1 00104U 26001104 26001.00031250  .00004891  00000-0  61605-3 0    05
2 00104  49.9863  95.9812 0008676  55.9351 304.2410 14.83425413    04
sar45
1 00105U 26001105 26001.00031250  .00000247  00000-0  24935-3 0    03
2 00105  49.9986 265.2880 0001853 212.7477 147.3313 14.04251170    08
sar46
1 00106U 26001106 26001.00031250  .00000256  00000-0  25524-3 0    00
2 00106  49.9988 262.9820 0001249 224.9592 135.1211 14.04250795    05
sar47
1 00107U 26001107 26001.00031250  .00005240  00000-0  66085-3 0    07
2 00107  49.9805   4.2967 0010877 319.6491  40.3639 14.83231384    01
sar48
1 00108U 26001108 26001.00031250  .00004910  00000-0  62241-3 0    02
2 00108  49.9914   4.8227 0008845 300.6110  59.3955 14.83145619    04
sar49
1 00109U 26001109 26001.00031250 -.00000068  00000-0  11050-3 0    07
2 00109  49.9980  58.1316 0001892 179.9053 180.1824 13.39535803    03
sar50
1 00110U 26001110 26001.00031250 -.00000071  00000-0  10385-3 0    05
2 00110  50.0118  58.9104 0001411 176.6452 183.4435 13.40564721    05
sar51
1 00111U 26001111 26001.00031250 -.00000076  00000-0  93288-4 0    06
2 00111  50.0041  61.7831 0000529 332.3223  27.7626 13.41786836    02
sar52
1 00112U 26001112 26001.00031250  .00000053  00000-0  54141-4 0    07
2 00112  88.9940  60.1771 0014269 354.3426   5.7567 13.60351383    08
sar53
1 00113U 26001113 26001.00031250  .00000040  00000-0  13590-3 0    07
2 00113  50.0021 195.3386 0007772   2.1713 357.9221 13.96459711    02
sar54
1 00114U 26001114 26001.00031250  .00000033  00000-0  13017-3 0    05
2 00114  50.0019 193.1889 0003994 113.2246 246.9077 13.96653763    00
sar55
1 00115U 26001115 26001.00031250  .00000037  00000-0  13210-3 0    06
2 00115  49.9824 193.3557 0012151 148.5206 211.6425 13.97007120    05
sar56
1 00116U 26001116 26001.00031250  .00000105  00000-0  17356-3 0    09
2 00116  50.0100  40.3104 0000270 258.0910 101.9962 13.99663797    00
sar57
1 00117U 26001117 26001.00031250 -.00000060  00000-0  60887-4 0    00
2 00117  50.0101  40.3018 0000309 252.1027 107.9842 14.00125665    06
sar58
1 00118U 26001118 26001.00031250  .00010890  00000-0  76765-3 0    04
2 00118  97.6545  78.0099 0015686 210.1082 149.9244 15.05069479    00
sar59
1 00119U 26001119 26001.00031250  .00012896  00000-0  90533-3 0    03
2 00119  97.6569  78.0173 0015084 211.9236 148.1077 15.05189445    03
sar60
1 00120U 26001120 26001.00031250 -.00001319  00000-0 -49472-3 0    03
2 00120  50.0047 292.4746 0010678 320.3640  39.6492 14.24668826    05
